   2.0000028e+00   8.3337103e-01   3.7498641e-01
   2.0000067e+00   1.6667056e-01   3.7504858e-01
   2.0000172e+00   4.9998004e-01   3.7492373e-01
   2.0000441e+00   8.3343812e-01   6.2509657e-01
   2.0000936e+00   8.3316485e-01   1.2513019e-01
   2.0001039e+00   1.6641369e-01   1.2497660e-01
   2.0001429e+00   1.6648769e-01   6.2482039e-01
   2.0001560e+00   4.9971244e-01   1.2490844e-01
   2.0002646e+00   5.0023855e-01   8.7524714e-01
   2.0006568e+00   1.6719115e-01   8.7472371e-01
   2.0032925e+00   4.9911725e-01   6.2415144e-01
   2.0013270e+00   8.3275607e-01   8.7552858e-01
   1.7351271e+01   7.0845016e-01   3.7568657e-01
   1.6420710e+01   9.5093471e-01   6.2605855e-01
   1.7398783e+01   7.0822209e-01   1.2775029e-01
   1.9330943e+01   2.0875685e-02   1.2242922e-01
   1.9304701e+01   2.0990777e-02   3.7512263e-01
   1.7958287e+01   7.0342154e-01   6.2841946e-01
   1.9443008e+01   3.1456565e-01   3.7466193e-01
   1.9470736e+01   3.5264455e-01   8.7961378e-01
   1.9491235e+01   1.8971177e-02   8.7961889e-01
   1.9067530e+01   9.7563666e-01   1.2492461e-01
   1.9662635e+01   3.1875786e-01   6.2524860e-01
   1.9698847e+01   3.4709636e-01   1.2506609e-01
   2.9801299e+01   6.4449885e-01   9.4450194e-01
   2.0000183e+00   8.3337103e-01   3.7507518e-01
   2.0000067e+00   1.6667056e-01   3.7504858e-01
   2.0000172e+00   4.9998004e-01   3.7492373e-01
   2.0000743e+00   8.3343812e-01   6.2514129e-01
   2.0000936e+00   8.3316485e-01   1.2513019e-01
   2.0184498e+00   1.6353438e-01   1.2598674e-01
   2.0001429e+00   1.6648769e-01   6.2482039e-01
   2.0001560e+00   4.9971244e-01   1.2490844e-01
   2.0392389e+00   5.0023855e-01   8.7128751e-01
   2.0006568e+00   1.6719115e-01   8.7472371e-01
   2.0978033e+00   4.9911725e-01   6.1916641e-01
   2.0019240e+00   8.3254832e-01   8.7557468e-01
   1.9223892e+01   6.8888072e-01   3.7429333e-01
   1.7890359e+01   9.6286688e-01   6.2650624e-01
   1.9249835e+01   6.8889220e-01   1.2814807e-01
   1.9330943e+01   2.0875685e-02   1.2242922e-01
   1.9334113e+01   2.0536283e-02   3.7512263e-01
   1.9267672e+01   6.8852749e-01   6.2771968e-01
   1.9445176e+01   3.5205860e-01   3.7503089e-01
   1.9470736e+01   3.5264455e-01   8.7961378e-01
   1.9624524e+01   1.5651269e-02   8.7716789e-01
   1.9168911e+01   9.7389313e-01   1.3414826e-01
   1.9749815e+01   3.1875786e-01   6.1945179e-01
   1.9763050e+01   3.4553538e-01   1.2514387e-01
   2.0000183e+00   8.3337103e-01   3.7507518e-01
   2.3613144e+00   1.8029559e-01   3.7982003e-01
   2.7026558e+00   4.7889916e-01   3.7518699e-01
   2.1204734e+00   8.4202246e-01   6.2509657e-01
   2.0017256e+00   8.3433553e-01   1.2520526e-01
   2.1667612e+00   1.5645655e-01   1.2545860e-01
   2.0001429e+00   1.6648769e-01   6.2482039e-01
   2.0006505e+00   4.9971244e-01   1.2542701e-01
   2.1049544e+00   4.9256769e-01   8.7257008e-01
   2.5158513e+00   1.8442007e-01   8.7258320e-01
   2.3517610e+00   5.1488128e-01   6.2497781e-01
   2.0598205e+00   8.3254832e-01   8.7044793e-01
   1.9609384e+01   6.8886450e-01   3.6330785e-01
   1.9241019e+01   9.7791115e-01   6.2686954e-01
   1.9255473e+01   6.8884828e-01   1.2829076e-01
   2.2890123e+01   8.9601895e-03   1.5857278e-01
   1.9334508e+01   2.0536283e-02   3.7539257e-01
   1.9370427e+01   6.8852749e-01   6.3160639e-01
   1.9787614e+01   3.5235164e-01   3.6371208e-01
   1.9638194e+01   1.6317637e-02   8.7961889e-01
   1.9509806e+01   9.8240988e-01   1.2502443e-01
   1.9966688e+01   3.2870624e-01   6.2556206e-01
   2.0279367e+01   3.5600325e-01   1.0522692e-01
   2.1091808e+00   8.3331948e-01   3.6879608e-01
   8.8762205e+00   1.6562208e-01   4.2801350e-01
   5.7222461e+00   4.9273931e-01   3.3789403e-01
   3.3471621e+00   8.0393723e-01   6.2542550e-01
   2.0237357e+00   8.3718575e-01   1.2507730e-01
   2.2168059e+00   1.5499870e-01   1.2505560e-01
   2.0664986e+00   1.6186226e-01   6.2822887e-01
   2.0337125e+00   4.9979119e-01   1.2155860e-01
   2.4722952e+00   5.1511481e-01   8.6878744e-01
   8.6119667e+00   1.7314090e-01   8.2349265e-01
   2.4186901e+00   5.1623404e-01   6.2454293e-01
   2.3497485e+00   8.1884740e-01   8.7260376e-01
   2.2031293e+01   6.6742050e-01   3.4773093e-01
   1.9865469e+01   9.8028845e-01   6.1195221e-01
   1.9404289e+01   6.9384526e-01   1.3910658e-01
   1.9338026e+01   2.0536283e-02   3.7382027e-01
   1.9614638e+01   6.9183229e-01   6.1028648e-01
   2.1825340e+01   3.5738943e-01   4.0686313e-01
   2.0528497e+01   1.8971177e-02   8.9485818e-01
   1.9524862e+01   9.8268460e-01   1.2502443e-01
   2.9859976e+01   3.0083726e-01   6.9868246e-01
   2.1091808e+00   8.3331948e-01   3.6879608e-01
   1.1160233e+01   1.6018654e-01   3.1208806e-01
   9.6712821e+00   4.9954846e-01   4.3160277e-01
   3.5493391e+00   8.6492422e-01   6.2468441e-01
   2.1616272e+00   8.3564049e-01   1.1765005e-01
   3.1236171e+00   1.8542635e-01   1.3919591e-01
   3.2682691e+00   1.6655414e-01   6.4637929e-01
